                                                                                                                                                                          
                                                                                                                                                                          
                                                                                                                                                                          
                                                                                                                                                                          
                                                                                                                                                                          
                                                                                                                                                                          
                                                                                                                                                                          
                                                                                                                                                                          
                                                                                                                                                                          
                                                                                                                                                                          
                                                                                                                                                                          
                                                                                                                                                                          
                                                                                                                                                                          
                                                                                                                                                                          
                                                                                                                                                                          
                                                                                                                                                                          
                                                                                                                                                                          
                                                                                                                                                                          
                                                                                                                                                                          
                                                                                                                                                                          
                                                                                                                                                                          
                                                                                                                                                                          
                                                                                                                                                                          
                                                                                                                                                                          
                                                                                                                                                                          
                                                                                                                                                                          
                                                                                                                                                                          
                                                                                                                                                                          
                                                                                                                                                                          
                                                                                                                                                                          
                                                                                                                                                                          
                                                                                                                                                                          
                                                                                                                                                                          
                                                                                                                                                                          
                                                                                                                                                                          
                                                                                                                                                                          
                                                                                                                                                                          
                                                                                                                                                                          
                                                                                                                                                                          
                                                                                                                                                                          
                                                                                                                                                                          
                                                                                                                                                                          
                                                                                                                                                                          
                                                                                                                                                                          
                                                                                                                                                                          
                                                                                                                                                                          
                                                                                                                                                                          
                                                                                                                                                                          
                                                                                                                                                                          
                                                                                                                                                                          
                                                                                                                                                                          
                                                                                                                                                                          
                                                                                                                                                                          
                                                                                                                                                                          
                                                                                                                                                                          
                                                                                                                                                                          
                                                                                                                                                                          
                                                                                                                                                                          
                                                                                                                                                                          
                                                                                                                                                                          
                                                                                                                                                                          
                                                                                                                                                                          
                                                                                                                                                                          
                                                                                                                                                                          
                                                                                                                                                                          
                                                                                                                                                                          
                                                                                                                                                                          
                                                                                                                                                                          
                                                                                                                                                                          
                                                                                                                                                                          
                                                                                                                                                                          
                                                                                                                                                                          
                                                                                                                                                                          
                                                                                                                                                                          
                                                                                                                                                                          
                                                                                                                                                                          
                                                                                                                                                                          
                                                              C                                                                                                           
                                                                                                                                                                          
                                                                                                                                                                          
                                                                                                                                                                          
                                                                                                                                                                          
                                                                                                                                                                         W
                                                                                                                                                                          
                                                                                                                                                                          
                                                                                                                                                                          
                                         3        1  1   1   1   1  1   1   1                        1    4                                                               
                                                                                                                                              B                           
                                                                                                                                                                          
                                                                                                                                                                          
                                                                                                                                                                          
                                                                                                                                                                          
                                         2                                                                                                                                
                                                                                                                                                                          
                                                                                  P        P                       P                                                      
                                                                                                                                                                          
                                                                                                          2                                                               
                                         2                                                                                                                                
                                                                                                                                                                          
                                                                                                                                                                          
                                                                                                                                                                          
                                                                                                                                                                          
                                                                                                                                                                          
                                                                                                                                                                          
                                                                                                                                                                          
                                                                                                                                                                          
                                                                                                                                                                          
                                                                                                                                                                          
