                                                                                                                                                                                       
                                                                                                                                                                                       
                                                                                                                                                                                       
                                                                                                                                                                                       
                                                                                                                                                                                       
                                                                                                                                                                                       
                                                                                                                                                                                       
                                                                                                                                                                                       
                                                                                                                                                                                       
                                                                                                                                                                                       
                                                                                                                                                                                       
                                                                                                                                                                                       
                                                                                                                                                                                       
                                                                                                                                                                                       
                                                                                                                                                                                       
                                                                                                                                                                                       
                                                                                                                                                                                       
                                                                                                                                                                                       
                                                                                                                                                                                       
                                                                                                                                                                                       
                                                                                                                                                                                       
                                                                                                                                                                                       
                                                                                                                                                                                       
                                                                                                                                                                                       
                                                                                                                                                                                       
                                                                                                                                                                                       
                                                                                                                                                                                       
                                                                                                                                                                                       
                                                                                                                                                                                       
                                                                                                                                                                                       
                                                                                                                                                                                       
                                                                                                                                                                                       
                                                                                                                                                                                       
                                                                                                                                                                                       
                                                                                                                                                                                       
                                                                                                                                                                                       
                                                                                                                                                                                       
                                                                                                                                                                                       
                                                                                                                                                                                       
                                                                                                                                                                                       
                                                                                                                                                                                       
                                                                                                                                                                                       
                                                                                                                                                                                       
                                                                                                                                                                                       
                                                                                                                                                                                       
                                                                                                                                                                                       
                                                                                                                                                                                       
                                                                                                                                                                                       
                                                                                                                                                                                       
                                                                                                                                                                                       
                                                                                                                                                                                       
                                                                                                                                                                                       
                                                                                                                                                                                       
                                                                                                                                                                                       
                                                                                                                                                                                       
                                                                                                                                                                                       
                                                                                                                                                                                       
                                                                                                                                                                                       
                                                                                                                                                                                       
                                                                                                                                                                                       
                                                                                                                                                                                       
                                                                                                                                                                                       
                                                                                                                                                                                       
                                                                                                                                                                                       
                                                                                                                                                                                       
                                                                                                                                                                                       
                                                                                                                                                                                       
                                                                                                                                                                                       
                                                                                                                                                                                       
                                                                                                                                                                                       
                                                                                                                                                                                       
                                                                                                                                                                                       
                                                                                                                                                                                       
                                                                                                                                                                                       
                                                                                                                                                                                       
                                                                                                                                                                                       
                                                                                                                                                                                       
                                                                                                                                                                                       
                                                                                                                                                                                       
                                                                                            3         1   1   1                              1   1   1   1   1    1  1 1  1   1    1 14
                                                                                                                                                                                       
                                                                                                                                                                                       
                                                                                                                                                                                       
                                                                                                                                                                                       
                                                                                                                                                                                       
                                                                                                                                                                                       
                                                                                 B                                                                                                     
                                                                                            2                                                                                         2
                                                                                                                                                                                       
                                                                                                                                                                                       
                                                                                                                                                                                      2
                                                C                                                                                                                                      
                                                                                            2                                                                                          
                                                                                                                                                                                       
                                                                                                              P         P         P         P         P         P         P           2
                                                                                                                                                                                       
                                                                                                                                                                                       
                                                                                            2                                                                                         2
                                                                                                                                                                                       
                                                                                                                                                                                       
                                                                                                                                                                                       
                                                                                                                                                                                       
                                                                                                                                                                                       
                                                                                                                                                                                       
                                                                                                                                                                                       
                                                                                                                                                                                       
                                                                                                                                                                                       
                                                                                                                                                                                       
