                                                                                                                                                                                       
                                                                                                                                                                                       
                                                                                                                                                                                       
                                                                                                                                                                                       
                                                                                                                                                                                       
                                                                                                                                                                                       
                                                                                                                                                                                       
                                                                                                                                                                                       
                                                                                                                                                                                       
                                                                                                                                                                                       
                                                                                                                                                                                       
                                                                                                                                                                                       
                                                                                                                                                                                       
                                                                                                                                                                                       
                                                                                                                                                                                       
                                                                                                                                                                                       
                                                                                                                                                                                       
                                                                                                                                                                                       
                                                                                                                                                                                       
                                                                                                                                                                                       
                                                                                                                                                                                       
                                                                                                                                                                                       
                                                                                                                                                                                       
                                                                                                                                                                                       
                                                                                                                                                                                       
                                                                                                                                                                                       
                                                                                                                                                                                       
                                                                                                                                                                                       
                                                                                                                                                                                       
                                                                                                                                                                                       
                                                                                                                                                                                       
                                                                                                                                                                                       
                                                                                                                                                                                       
                                                                                                                                                                                       
                                                                                                                                                                                       
                                                                                                                                                                                       
                                                                                                                                                                                       
                                                                                                                                                                                       
                                                                                                                                                                                       
                                                                                                                                                                                       
                                                                                                                                                                                       
                                                                                                                                                                                       
                                                                                                                                                                                       
                                                                                                                                                                                       
                                                                                                                                                                                       
                                                                                                                                                                                       
                                                                                                                                                                                       
                                                                                                                                                                                       
                                                                                                                                                                                       
                                                                                                                                                                                       
                                                                                                                                                                                       
                                                                                                                                                                                       
                                                                                                                                                                                       
                                                                                                                                                                                       
                                                                                                                                                                                       
                                                                                                                                                                                       
                                                                                                                                                                                       
                                                                                                                                                                                       
                                                                                                                                                                                       
                                                                                                                                                                                       
                                                                                                                                                                                       
                                                                                                                                                                                       
                                                                                                                                                                                       
                                                                                                                                                                                       
                                                                                                                                                                                       
                                                                                                                                                                                       
                                                                                                                                                                                       
                                                                                                                                                                                       
                                                                                                                                                                                       
                                                                                                                                                                                       
                                                                                                                                                                                       
                                                                                                                                                                                       
                                                                                                                                                                                       
                                                                                                                                                                                       
                                                                                                                        3        1    1   1                                            
                                                                                                                                                                                       
                                                                                                                                                                                       
                                                                                                                                                                                       
                                                                                                                                                                                       
                                                                                                                                                                                       
                                                                                                                                                                                       
                                                                                                                                                                                       
                                                                                                                        2                                                              
                                      H                      H                     3                                                                                                   
                                                                                            1  1    1  1   1   1    1                                                                  
                                                                                                                                                                                       
                                                                                                                        2                                                              
                                                                                                                                                                                       
                                                                                                                                                                                       
                                                                                                                                                                      1   1   1  1  1 4
                                                                                                                        2                                                              
                                                                                                  C          C                                                                         
                                                                                   2                                                                                                   
                                                                                                                                                                                       
                                                                                                                        2                                                              
                                                                                   2                                             P         P        P        P        P                
                                                                                   2                                                                                                   
                                                                                                                        2                                                             2
                                                                                                                                                                                       
                                                                                                                                                                                       
                                                                                                                                                                                       
                                                                                                                                                                                       
                                                                                                                                                                                       
                                                                                                                                                                                       
                                                                                                                                                                                       
                                                                                                                                                                                       
                                                                                                                                                                                       
                                                                                                                                                                                       
